Nq     : 2
Nc     : 10
Nt     : 2
wq     : 40.840704496667314
wc     : 25.132741228718345
Ec     : 1.0053096491487339
g      : 1.2566370614359172
sb     : red
t0     : 0
t1     : 0
t2     : 500
t3     : 500
tg     : 10
smooth : True
Q      : 3
Np     : 50000
Omegaq : 0.3141592653589793
wdq    : 38.48325336941353
Omegac : 3.9835394847518577
wdc    : 21.991148575128552
dw     : 3.141592653589793
