Nq     : 2
Nc     : 10
Nt     : 1
wq     : 40.840704496667314
shift  : 0.5956459671206211
wc     : 25.132741228718345
Ec     : 1.0053096491487339
g      : 1.2566370614359172
sb     : red
t0     : 0
t1     : 0
t2     : 500
t3     : 500
tg     : 10
smooth : True
Q      : 3
Np     : 50000
Omega  : 3.7699111843077517
wd     : 8.151804617534793
